1 3 4
5 6 7
8 6 7
1 2 3
2 2 2
1 5 0
1 5 2
1 7 3
1 4 8
-0.346  1.233  2.113
-3.348  -4.444  -7.450
-0.813  -7.786  -5.204
7.905  7.726  -3.732
7.876  5.833  1.140
6.727  -1.063  -9.229
5.353  -4.082  -9.047
-4.213  9.915  2.880
8.879  -5.923  -9.997
-6.634  7.999  6.174
-4.409  -6.155  2.933
2.286  -2.212  0.118
-4.421  -1.577  -1.053
-6.650  6.650  5.350
0.098  0.977  -8.935
-4.334  8.888  1.813
0.528  6.922  2.436
-7.915  7.715  0.829
6.126  -9.018  7.831
-2.260  -1.379  9.771
2.145  -3.613  6.593
7.343  0.397  -0.241
7.493  1.412  4.675
5.355  6.138  -7.309
2.944  -4.902  -4.488
-8.046  2.883  -3.768
5.614  4.613  1.892
3.152  7.666  6.463
8.017  8.992  1.249
-3.947  -2.867  -7.067
-0.927  -3.018  7.291
4.342  1.665  7.526
-4.504  -0.742  -5.682
-6.487  3.574  1.785
-5.412  9.469  5.780
3.086  -7.134  -1.145
8.026  8.189  -8.104
2.297  -8.225  -4.631
3.764  6.161  -4.582
2.761  3.174  -4.168
3.553  -8.673  -6.019
9.581  5.599  5.385
-7.145  2.237  4.184
-2.619  6.272  -1.269
-8.832  7.624  -4.604
-2.305  -1.627  4.153
1.926  -0.225  -0.447
-4.435  7.213  -1.331
9.770  5.157  -8.845
2.651  -3.318  -0.574
-0.709  -0.604  -9.776
-2.215  -6.212  4.302
1.690  -5.532  -7.153
7.130  7.597  4.438
4.585  -0.867  6.199
9.327  -4.301  -2.557
-5.511  -0.033  -7.110
-5.342  5.537  -9.404
3.309  8.451  -4.865
8.433  -6.477  -5.045
9.938  9.743  -6.905
-7.064  -2.230  8.636
-8.874  -9.871  -6.921
-4.167  -3.142  -5.416
-6.933  0.283  -4.018
4.060  -2.979  5.303
2.421  7.968  -7.584
0.215  8.167  -7.873
5.886  -4.508  -5.331
9.433  -2.194  6.262
1.024  0.353  -4.330
0.704  3.718  -4.189
7.176  -3.092  -6.605
-4.562  5.456  7.870
9.516  6.498  5.035
5.527  8.564  -6.029
1.657  -2.406  0.390
-6.911  4.516  -6.126
-5.325  -4.046  -9.887
-6.070  -2.115  1.989
7.364  -4.278  -1.695
1.471  8.449  7.716
0.836  -1.046  7.823
-2.288  -1.991  -0.646
5.527  -8.568  -0.756
-3.510  -3.695  -7.189
-0.645  -0.114  -0.892
-6.358  -2.406  5.858
-6.498  9.166  4.228
4.318  7.891  -2.000
6.926  9.801  -5.686
-0.714  8.494  -9.442
-6.537  -3.345  -0.279
-2.447  -2.960  3.917
-3.400  -6.219  6.015
3.291  4.628  -9.533
6.604  7.390  -5.601
7.260  2.168  3.159
-4.858  9.587  9.091
7.153  -6.344  -5.092
-7.451  -5.145  9.077
7.117  -1.281  -6.284
-6.435  8.259  -4.182
-0.813  -9.626  -6.710
5.338  -8.222  -1.482
7.866  -7.247  -4.427
8.279  -0.952  8.814
-2.395  3.237  4.295
5.774  7.616  3.212
-3.891  6.822  -5.059
7.116  -4.353  -1.529
-3.171  7.571  3.527
0.922  4.160  -1.956
2.244  -1.248  3.923
4.397  3.635  9.572
-6.682  8.795  1.399
-0.012  -4.486  -9.702
-5.014  9.169  8.112
1.518  7.652  -5.432
8.462  8.656  6.758
2.281  -8.611  -1.654
-9.978  -9.283  -2.180
-4.210  -2.449  4.663
-9.108  1.001  -9.479
1.689  -8.704  7.349
-9.926  -4.307  -1.765
2.779  -8.575  -3.567
9.029  -4.394  -7.538
6.875  9.199  4.240
-1.201  7.549  3.414
7.220  -7.482  5.879
-8.086  -7.363  0.900
-5.585  0.436  -3.314
3.793  -1.539  9.503
-7.542  7.339  5.188
2.532  -5.870  9.973
0.389  8.618  4.987
-5.136  9.436  -4.927
3.173  8.729  4.802
3.382  -4.736  5.779











